0.02666890508181057
0.15526801194241496
0.01752487253057064
-0.13104492426131797
-0.32622679113796876
0.2823137153776733
0.008579043757583671
0.1273578307903179
0.06556933516349117
0.010331384782209593
0.22151688346059328
0.09255536796632462
0.0794330544223645
-0.029895983519066093
0.09115102942756104
0.13056812163480697
0.09250992798716806
0.08840779768226792
0.028561626204103817
0.04210317756532159
0.15703922062973355
0.05019135809436313
-0.1261376547028452
-0.2985456383609127
0.2824531416749595
0.016029931790763497
0.12171504619850906
0.07766243060629602
-0.012906199619828921
0.20947664349907588
0.049943598399609275
0.0639786245953463
-0.05993509311602513
0.10474885527563574
0.1663612131293857
0.12540556296357677
0.08080825082579751
0.04678524567837388
0.008166851314756996
0.16883541248452846
0.07645376318636403
-0.1173237711261253
-0.28298681283051363
0.35627916057951864
0.02053792544447086
0.14991803958416858
0.10525611688468599
-0.019866683361450865
0.24864254702160626
0.11420286266497014
0.128839889045454
0.0357041705170737
0.043318143357265526
0.19763821725336636
0.15887212112886123
0.14053657033295483
0.02724446052852992
0.13892543289510478
0.25211457391833725
0.17266122038208942
-0.1404119233232448
-0.4111135267573343
0.4283975398301616
-0.13386778194577145
0.13268367348780624
-0.1420413678230205
-0.03790734799594376
0.19976235669367395
0.1840605550258415
-0.154719535219441
-0.01144369494048917
0.012436939379869762
0.08422882821941141
0.22094902988591142
0.004189643581749727
-0.017652532631966304
0.05475799217910621
0.14368873533780385
0.25649684272547246
-0.2539620320359738
0.09698532260702558
0.18809749906798945
0.20456385505521982
-0.1481303656974956
0.05487819003619624
0.09583436530357572
0.0016583543053546692
-0.005363880215169743
0.061599190497225134
-0.06347374491752653
0.023997327365963963
0.2026399347069511
-0.07461325607941979
-0.035604593796064725
