0.021445301085842746,2.0,0.22758620689655173,0.7094972067039106,0.42758620689655175
0.042849305034654846,2.0,0.05517241379310345,0.7541899441340782,0.4482758620689655
0.021445301085842746,2.0,0.2896551724137931,0.7430167597765364,0.2
0.024057103083826657,0.5,0.6068965517241379,0.6871508379888268,0.45517241379310347
0.06779407270335609,2.0,0.8413793103448276,0.7150837988826816,0.5241379310344828
0.05522677266015973,2.0,0.16551724137931034,0.7318435754189944,0.2620689655172414
0.017972433275864192,0.5,0.496551724137931,0.7374301675977654,0.33793103448275863
-0.0393941041264413,1.0,0.14482758620689656,0.7318435754189944,0.4068965517241379
0.006564155802717928,1.0,0.4206896551724138,0.7430167597765364,0.3448275862068966
0.006816016797076146,1.0,0.3448275862068966,0.7318435754189944,0.6068965517241379
0.020209551685214117,1.0,0.10344827586206896,0.7262569832402235,0.8206896551724138
0.024745530033041824,1.0,0.23448275862068965,0.7374301675977654,0.4
0.023435153192057075,1.0,0.33793103448275863,0.7486033519553073,0.696551724137931
0.039941964047768425,1.0,0.4689655172413793,0.7262569832402235,0.6896551724137931
0.043989148964580435,1.0,0.38620689655172413,0.664804469273743,0.14482758620689656
0.04652085649727929,0.5,0.296551724137931,0.8156424581005587,0.5586206896551724
0.041426400496189605,0.5,0.22758620689655173,0.8044692737430168,0.5379310344827586
0.04453418980440032,0.5,0.3103448275862069,0.776536312849162,0.5103448275862069
0.04959500932383601,2.0,0.503448275862069,0.7932960893854749,0.21379310344827587
-0.013082556633419075,2.0,0.22758620689655173,0.7430167597765364,0.42758620689655175
0.020321773565582863,2.0,0.04827586206896552,0.7094972067039106,0.4482758620689655
-0.013082556633419075,1.0,0.25517241379310346,0.7430167597765364,0.2
0.014510310465951255,1.0,0.6068965517241379,0.6815642458100558,0.45517241379310347
0.06201994718721202,2.0,0.8275862068965517,0.7206703910614525,0.5241379310344828
0.0590627999139998,2.0,0.07586206896551724,0.7206703910614525,0.2620689655172414
0.0220227089906308,0.5,0.4689655172413793,0.7318435754189944,0.33793103448275863
-0.031405348901293116,2.0,0.12413793103448276,0.7430167597765364,0.4068965517241379
0.013431578323885831,1.0,0.3793103448275862,0.7486033519553073,0.3448275862068966
0.013756372507245538,1.0,0.3448275862068966,0.7374301675977654,0.6068965517241379
0.025751780695163706,1.0,0.1103448275862069,0.7150837988826816,0.8206896551724138
0.030942845686276938,0.5,0.2827586206896552,0.7039106145251397,0.4
0.026956568840267314,2.0,0.36551724137931035,0.7486033519553073,0.696551724137931
0.042166575061834695,0.5,0.5586206896551724,0.7206703910614525,0.6896551724137931
0.04276480762627889,2.0,0.38620689655172413,0.6703910614525139,0.14482758620689656
0.04428008026692657,1.0,0.31724137931034485,0.8044692737430168,0.5586206896551724
0.03733240204139645,1.0,0.15172413793103448,0.7932960893854749,0.5379310344827586
0.041545930368536405,1.0,0.42758620689655175,0.770949720670391,0.5103448275862069
0.04888800582505695,2.0,0.47586206896551725,0.7932960893854749,0.21379310344827587
-0.006936456145162807,1.0,0.296551724137931,0.6927374301675978,0.42758620689655175
-0.005819472129941389,1.0,0.22758620689655173,0.7486033519553073,0.4482758620689655
-0.006936456145162807,2.0,0.16551724137931034,0.7150837988826816,0.2
0.0006151975847970945,0.5,0.6,0.664804469273743,0.45517241379310347
0.05668860255137422,2.0,0.7724137931034483,0.6983240223463687,0.5241379310344828
0.061629892710121675,2.0,0.1724137931034483,0.7318435754189944,0.2620689655172414
0.02583915994287228,0.5,0.5103448275862069,0.7430167597765364,0.33793103448275863
-0.025631835519358704,1.0,0.18620689655172415,0.7486033519553073,0.4068965517241379
0.028926878209052344,2.0,0.43448275862068964,0.7318435754189944,0.3448275862068966
0.02787825911347966,1.0,0.4,0.7094972067039106,0.6068965517241379
0.04143823472133398,1.0,0.09655172413793103,0.7150837988826816,0.8206896551724138
0.04782002293766919,1.0,0.14482758620689656,0.7206703910614525,0.4
0.041666686001385546,1.0,0.21379310344827587,0.7374301675977654,0.696551724137931
0.05891467441973727,2.0,0.3724137931034483,0.7262569832402235,0.6896551724137931
0.06316761197706287,1.0,0.47586206896551725,0.7039106145251397,0.14482758620689656
0.06785848891051939,1.0,0.14482758620689656,0.7653631284916201,0.5586206896551724
0.06571486768428966,0.5,0.15172413793103448,0.7653631284916201,0.5379310344827586
0.06431507241385066,0.2,0.23448275862068965,0.7541899441340782,0.5103448275862069
0.07215761034558688,2.0,0.5172413793103449,0.776536312849162,0.21379310344827587
0.055896515327904385,1.0,0.1724137931034483,0.6983240223463687,0.42758620689655175
0.18672807383777773,1.0,0.05517241379310345,0.7597765363128491,0.4482758620689655
0.055896515327904385,2.0,0.2482758620689655,0.7039106145251397,0.2
0.09741097411150458,0.5,0.5655172413793104,0.7374301675977654,0.45517241379310347
0.14897884071378212,1.0,0.8,0.7150837988826816,0.5241379310344828
0.15489943563085895,2.0,0.2206896551724138,0.7430167597765364,0.2620689655172414
0.0958371638400382,1.0,0.5172413793103449,0.7597765363128491,0.33793103448275863
0.011345382073809446,1.0,0.3586206896551724,0.7150837988826816,0.4068965517241379
0.07092426175328832,2.0,0.6482758620689655,0.6983240223463687,0.3448275862068966
0.04532525629090585,2.0,0.47586206896551725,0.7486033519553073,0.6068965517241379
0.055031747090561446,0.5,0.46206896551724136,0.7374301675977654,0.8206896551724138
0.03532443559920325,0.5,0.2413793103448276,0.7430167597765364,0.4
0.02866700072691716,1.0,0.5241379310344828,0.7150837988826816,0.696551724137931
0.04292494705748023,0.5,0.3931034482758621,0.7206703910614525,0.6896551724137931
0.05378153228581571,0.2,0.5379310344827586,0.6871508379888268,0.14482758620689656
0.03888859889258308,2.0,0.38620689655172413,0.8268156424581006,0.5586206896551724
0.035533112637044936,2.0,0.1103448275862069,0.770949720670391,0.5379310344827586
0.03408960180847149,0.2,0.496551724137931,0.770949720670391,0.5103448275862069
0.03703896806793854,1.0,0.5310344827586206,0.7094972067039106,0.21379310344827587
0.4012628200319731,1.0,0.33793103448275863,0.6927374301675978,0.38620689655172413
0.4597022772739879,2.0,0.2413793103448276,0.7318435754189944,0.4827586206896552
0.4012628200319731,0.5,0.33793103448275863,0.7541899441340782,0.2482758620689655
0.22801040610553966,1.0,0.6068965517241379,0.7486033519553073,0.6344827586206897
0.19990318251629438,1.0,0.3724137931034483,0.7430167597765364,0.3448275862068966
0.2140515975685889,2.0,0.3724137931034483,0.7486033519553073,0.41379310344827586
0.12044887164767637,0.5,0.2413793103448276,0.7150837988826816,0.18620689655172415
0.11653828014090124,0.5,0.5448275862068965,0.7541899441340782,0.45517241379310347
0.12676102570191386,0.2,0.4896551724137931,0.7374301675977654,0.6620689655172414
0.1364863793710771,1.0,0.36551724137931035,0.7430167597765364,0.6344827586206897
0.10486229658568014,2.0,0.3724137931034483,0.6983240223463687,0.5310344827586206
0.09986388593073174,2.0,0.3724137931034483,0.6815642458100558,0.5448275862068965
0.09949756587371757,1.0,0.3448275862068966,0.7094972067039106,0.5793103448275863
0.09134429824302066,2.0,0.6275862068965518,0.7318435754189944,0.36551724137931035
0.08390520759239065,1.0,0.46206896551724136,0.770949720670391,0.5103448275862069
0.08231192065702167,1.0,0.15172413793103448,0.7653631284916201,0.45517241379310347
0.07259287628538513,1.0,0.5448275862068965,0.7206703910614525,0.496551724137931
0.06955565447792131,1.0,0.5793103448275863,0.7597765363128491,0.2482758620689655
